1 0.396985 0.632320 0.019805 0.027680
1 0.739263 0.284053 0.020451 0.035733
1 0.548188 0.631973 0.019805 0.028373
1 0.614842 0.632653 0.051038 0.029733
2 0.495940 0.549200 0.507970 0.565067
1 0.348038 0.633333 0.019414 0.028373
1 0.573902 0.688040 0.094842 0.029733
1 0.422308 0.631987 0.018662 0.027013
1 0.372414 0.633333 0.019414 0.028373
1 0.472962 0.631987 0.019429 0.027013
1 0.447827 0.632653 0.018662 0.028347
1 0.498677 0.632307 0.019038 0.024987
1 0.523617 0.631627 0.018662 0.029013
1 0.573331 0.631640 0.019805 0.029040
